[gd_scene load_steps=13 format=3 uid="uid://du0h4xonhvq1x"]

[ext_resource type="Texture2D" uid="uid://c8arnlq67qi7" path="res://assets/textures/grids/Dark/texture_05.png" id="1_n2j5n"]
[ext_resource type="Texture2D" uid="uid://b58xv1joypxo5" path="res://assets/textures/grids/Orange/texture_09.png" id="2_pdjwd"]
[ext_resource type="Texture2D" uid="uid://cm5m7nr7dugjd" path="res://assets/textures/grids/Purple/texture_09.png" id="3_wiyv4"]
[ext_resource type="Texture2D" uid="uid://djg8y25y06h5n" path="res://assets/textures/grids/Green/texture_09.png" id="4_hyt2m"]
[ext_resource type="PackedScene" uid="uid://df2w1gt3nkbvr" path="res://scenes/player.tscn" id="5_rdsba"]

[sub_resource type="ProceduralSkyMaterial" id="ProceduralSkyMaterial_xvlck"]
sky_horizon_color = Color(0.64625, 0.65575, 0.67075, 1)
ground_horizon_color = Color(0.64625, 0.65575, 0.67075, 1)

[sub_resource type="Sky" id="Sky_qh54h"]
sky_material = SubResource("ProceduralSkyMaterial_xvlck")

[sub_resource type="Environment" id="Environment_8nxex"]
background_mode = 2
sky = SubResource("Sky_qh54h")
tonemap_mode = 2
sdfgi_enabled = true
glow_enabled = true
fog_enabled = true
fog_density = 0.001

[sub_resource type="StandardMaterial3D" id="StandardMaterial3D_rlio0"]
albedo_texture = ExtResource("1_n2j5n")
uv1_triplanar = true

[sub_resource type="StandardMaterial3D" id="StandardMaterial3D_wrios"]
albedo_texture = ExtResource("2_pdjwd")

[sub_resource type="StandardMaterial3D" id="StandardMaterial3D_byj1j"]
albedo_texture = ExtResource("3_wiyv4")
uv1_triplanar = true

[sub_resource type="StandardMaterial3D" id="StandardMaterial3D_mcnnn"]
albedo_texture = ExtResource("4_hyt2m")
uv1_triplanar = true

[node name="world" type="Node3D"]

[node name="DirectionalLight3D" type="DirectionalLight3D" parent="."]
transform = Transform3D(-0.866025, -0.433013, 0.25, 0, 0.5, 0.866025, -0.5, 0.75, -0.433013, 0, 0, 0)
shadow_enabled = true

[node name="WorldEnvironment" type="WorldEnvironment" parent="."]
environment = SubResource("Environment_8nxex")

[node name="map" type="Node3D" parent="."]

[node name="floor" type="CSGBox3D" parent="map"]
transform = Transform3D(1, 0, 0, 0, 1, 0, 0, 0, 1, 0, -0.5, 0)
material_override = SubResource("StandardMaterial3D_rlio0")
use_collision = true
size = Vector3(1000, 1, 1000)

[node name="box" type="CSGBox3D" parent="map"]
transform = Transform3D(0.768049, 0, -0.640391, 0, 1, 0, 0.640391, 0, 0.768049, -5.14111, 0.5, -2.48928)
material_override = SubResource("StandardMaterial3D_wrios")
use_collision = true

[node name="box2" type="CSGBox3D" parent="map"]
transform = Transform3D(0.768049, 0, -0.640391, 0, 1, 0, 0.640391, 0, 0.768049, 4.703, 1, 7.614)
material_override = SubResource("StandardMaterial3D_byj1j")
use_collision = true
size = Vector3(2, 2, 2)

[node name="box3" type="CSGBox3D" parent="map"]
transform = Transform3D(0.768049, 0, -0.640391, 0, 1, 0, 0.640391, 0, 0.768049, 7.667, 1.5, -4.777)
material_override = SubResource("StandardMaterial3D_mcnnn")
use_collision = true
size = Vector3(3, 3, 3)

[node name="player" parent="." instance=ExtResource("5_rdsba")]
